[[ 30 127 528 720 685 419  52  30  30  30  30  30]
 [107 695 765 765 765 765 546  33  30  30  30  30]
 [477 765 765 765 765 765 764 252  30  30  30  30]
 [697 765 765 765 765 765 765 473  30  30  30  30]
 [756 765 765 765 765 765 765 575 112  30  30  30]
 [663 765 765 765 765 765 765 761 764 624 196  30]
 [399 765 765 765 765 765 764 762 765 765 742 141]
 [ 57 601 765 765 765 764 761 765 765 765 765 438]
 [ 30  54 361 698 761 761 764 765 765 765 765 629]
 [ 30  30  30 660 765 765 765 765 765 765 765 732]
 [ 30  30  30 705 765 765 765 765 765 765 765 761]
 [ 30  30  30 636 765 765 765 765 765 765 765 717]
 [ 30  30  30 446 765 765 765 765 765 765 765 597]
 [ 30  30  30 132 743 765 765 765 765 765 765 384]
 [ 30  30  30  30 307 758 765 765 765 765 685  90]
 [ 30  30  30  30  30 214 571 726 692 470  99  30]]